0.8378303198887345	0.19684194472866112	0.12159027501593982	0.19318392905803367	0.17553070417607095
0.851182197496523	0.3056990700935378	0.15059273910973547	0.23515642688705912	0.21387034161134996
0.8522948539638386	0.22924196246146053	0.15328019127188755	0.23901871007273773	0.21741538568457958
0.8567454798331016	0.2331562484720027	0.164489510694771	0.2550792549138318	0.23219840961692192
0.8578581363004173	0.33838551534282335	0.1674106429964867	0.25925464696125905	0.2360483132706976
0.8700973574408901	0.3056990700935378	0.202865230525418	0.30965413021327837	0.2828103827328086
0.8912378303198887	0.5166962315798256	0.2808213743193539	0.4194608324934994	0.38612185091952944
0.8923504867872045	0.4076562617621301	0.28560333451476544	0.4261720821901378	0.3924823856036639
0.8968011126564674	0.4589492937486794	0.30546518519767435	0.45406377896862093	0.4189805512150063
0.9134909596662031	0.8024385134607399	0.39144862581319084	0.5751749514665068	0.5347660138492004
0.9235048678720446	0.7127564834438906	0.4526725595661273	0.6622327180339199	0.6184108502261948
0.925730180806676	0.8442490648167099	0.4673366581796805	0.6832408480034136	0.6386121049279027
0.9579972183588317	1.1450475699382812	0.7259281665382762	1.0698023869989033	1.0082778120601716
0.9646731571627261	1.1645991548064694	0.7899664831110136	1.1722052282458597	1.1047734358213523
0.9880389429763561	1.6902119833787093	1.035093733776991	1.6045277787474284	1.5019312295663925
0.9902642559109875	1.63393695021807	1.0594308845097435	1.6521565500086037	1.544597613402333
1.011404728789986	2.070982697941077	1.2858310960203032	2.1636601510302795	1.988653983224661
1.023643949930459	2.411864699641	1.4019099300245326	2.506976356802105	2.273346019213069
1.0303198887343532	1.8086433719541486	1.4570260525674545	2.7070709469628027	2.435007611276971
1.0336578581363005	2.5808615404180717	1.48209589922262	2.810063225459913	2.5171354969940225
1.0381084840055634	2.10634454232412	1.512872743003955	2.9500095546843688	2.6277148318353167
1.040333796940195	2.292419624614605	1.5271459024156344	3.020965129812108	2.6833647560228227
1.0425591098748261	2.4949326331577426	1.5407148164641986	3.0925103553870117	2.7392176438146216
1.0536856745479835	2.6249295204437804	1.5992252440308816	3.4562634474558016	3.01999836313449
1.0714881780250347	3.874675120456136	1.6723946780151782	4.040009882474491	3.4652706400066684
1.085952712100139	3.874675120456136	1.7256123297598862	4.492139491738184	3.8134368656073816
1.090403337969402	3.560168786560578	1.7418860375994332	4.624182802069272	3.916950242742482
1.1482614742698192	4.828625565023682	1.9770320202893856	5.898429130551456	5.0460318460807
1.149374130737135	3.560168786560578	1.982406324086587	5.913569318619061	5.062516045568741
1.1616133518776077	4.911073914777703	2.045031063978293	6.054168500241504	5.2248279096505446
1.1894297635605007	3.874675120456136	2.219551626194549	6.202360648116907	5.448138352037544
1.196105702364395	5.436183620153837	2.2699151606208092	6.2066358370806185	5.47029357926356
1.2261474269819195	4.828625565023682	2.550019810737982	6.129216858885144	5.444953530172217
1.2450625869262866	6.017439945895534	2.781108815318452	6.049393554741664	5.362827700463826
1.2606397774687066	4.589492937486803	3.0102590967460716	5.99947722969498	5.28836321336959
1.2851182197496525	4.362203103055869	3.4550847899290034	5.99943579609813	5.202804510062181
1.3307371349095967	4.747561378997426	4.64023699741986	6.434627265100444	5.3290962727997435
1.431988873435327	6.890254987297223	10.127030554493388	10.81824568265403	8.356404819913266
1.466481223922114	10.344413737342377	13.580175288834894	14.070027361227357	11.112470954253256
1.5087621696801112	18.709355342795693	19.748476536117856	20.18707215433314	16.990361744980216
1.53769123783032	28.568165487569964	25.740598215880468	26.370639568249466	23.901225490655175
