0.8411111111111109	0.16009566116629886	0.12439054496433925	0.1767102768890126	0.16545209750697695
0.8977777777777776	0.30321579790997927	0.29393395215134116	0.3615861860435049	0.35348998945384125
0.9122222222222223	0.39015832302996745	0.36211810503878306	0.43288808948651974	0.4297781605478914
0.971111111111111	0.7903331872382491	0.7662307632939495	0.8903425051072384	0.922572042537384
0.9833333333333332	0.9040748324484279	0.8650710846710352	1.0275008378024133	1.0639087061690342
0.9844444444444442	0.8037287229717931	0.8739405042764865	1.0407571148656065	1.0773231010797926
1.0088888888888887	1.1439160686237144	1.0463677660928987	1.3626415802307936	1.3891192576912457
1.037777777777778	1.49686447613503	1.133374373780147	1.7895951642135752	1.76213553640572
1.0488888888888888	1.628091586943889	1.1246420372686161	1.9513094650840659	1.89314818884652
1.0566666666666666	1.8313599932506688	1.1100082678392886	2.0587585506316213	1.9777781712009985
1.0644444444444445	1.6837490832180595	1.0924999042331374	2.159305469969365	2.0556178702247347
1.0999999999999999	2.13042943204976	1.0324460890804206	2.499632783010617	2.316164367988669
1.1166666666666667	2.094922123714057	1.0254337629910812	2.58564449063046	2.3840761244930553
1.1622222222222223	2.741297716911809	1.0788164247627063	2.615590894711881	2.385323369832321
1.218888888888889	2.166538561775845	1.3101505165096163	2.457656282054173	2.1172945276934714
1.2366666666666668	2.741297716911809	1.4264808516145417	2.4340603618710044	2.0410931234989738
1.2555555555555555	2.5203441893940326	1.5764065910317455	2.4487016208688392	1.9932666891241155
1.26	2.6506822154774765	1.6159168704611753	2.459387337208861	1.9882211897339575
1.268888888888889	2.5630620724274324	1.700039704192601	2.4899128115601057	1.9860759333933256
1.2722222222222224	2.741297716911809	1.7334131954070993	2.5046693257941977	1.9880959856559879
1.3011111111111113	2.437032460390609	2.0678059441386565	2.7153844851218527	2.0761401383825953
1.3244444444444445	2.695609227159448	2.404619551930556	3.0062661714190484	2.248546474512042
1.348888888888889	2.6506822154774765	2.8336929862820384	3.4443943558269514	2.5419394943521976
1.481111111111111	4.463083750212616	7.406746033542425	9.788103107158687	8.361807842935953
1.5144444444444447	8.741900104639111	9.608911546368525	13.418499708280333	12.687216300320923
1.5533333333333335	18.624001274962	13.17629059486398	19.820621549122936	21.699404027780275
1.5822222222222224	30.321579790997927	16.830407122585267	26.89331593473855	33.01791579296033
