0.8111265646731576	0.1034185728076049	0.08408739457175193	0.12335685866593817	0.11794668017376189
0.876773296244785	0.26956092271594423	0.22810623883038925	0.2720609501160268	0.2691040142623635
0.8856745479833099	0.29816217976770315	0.26011854915327076	0.30209422180555046	0.30191475757614333
0.9290681502086235	0.4315553414680669	0.47791757601767965	0.501468658542167	0.5292205768462066
0.9702364394993046	0.7266309105547142	0.7750628433456949	0.8020421013454753	0.8706523905853972
0.9791376912378305	0.8037287229717931	0.8431168096279816	0.8843245397807118	0.9594563881466436
1.0180806675938807	1.0695401201561876	1.0650168939650566	1.3053279905607238	1.3684184846652783
1.0759388038942979	1.6837490832180595	0.9581514986614749	1.8833852376006046	1.8044250309394154
1.0970792767732964	1.7122873268028758	0.90807925572837	1.9964699837486644	1.871627429955229
1.1126564673157164	2.3964150798318276	0.8897703094226732	2.0408184298259178	1.8914048081609012
1.1215577190542418	2.094922123714057	0.8860298622445163	2.0527505147122147	1.8916796579992052
1.150486787204451	1.9919116561411867	0.9047062967430931	2.0366815549505977	1.838973862440966
1.1949930458970794	2.0256730167910444	1.0223302195423145	1.9305938729082728	1.652263871829492
1.196105702364395	2.0256730167910444	1.0266863504303392	1.928063718218201	1.6473322203344567
1.2305980528511828	1.958712987230555	1.1963307565224652	1.8888803258504847	1.5280887806987433
1.231710709318498	1.893966367989291	1.2030342649036574	1.8893068240052107	1.5258234417952823
1.2461752433936024	2.0256730167910444	1.2967901998992555	1.9075625472198077	1.5075390289537651
1.3040333796940196	1.8313599932506688	1.8232074602055919	2.2670047884438715	1.6859145568044163
1.3151599443671766	2.240603259914993	1.957028006327632	2.3979025889758776	1.772396892920715
1.338525730180807	2.2032597132990244	2.2797150910155817	2.749226275580079	2.0184635817864196
1.365229485396384	3.1889641357478067	2.728770174099529	3.2959777979505827	2.425963246234219
1.3941585535465928	4.034961693676772	3.333783878838427	4.104017041337534	3.070897413093567
1.4620305980528518	6.14216060091012	5.444953853112653	7.334281002007396	6.1532474477528085
1.4776077885952714	6.459798601298712	6.121163251364022	8.471617554547912	7.403499238754053
1.5132127955493744	10.3418572807605	8.060381584721837	11.947047590559366	11.699513351009474
1.5432545201668988	18.624001274962	10.266484572897166	16.216959868090935	17.821155351669187
1.5844228094575807	35.27323205216774	14.56013274469828	25.22858624030949	32.647481777508325
1.6111265646731574	52.79924801735731	18.50556747844226	34.086668471586755	49.340006497045536
